1293
1659
7028
7376
5801
9541
1068
318
4657
9353
3179
6571
2500
2890
3777
3788
1553
9665
1948
5717
7434
8535
2261
3372
4685
4142
6207
6256
4139
6757
1470
309
3271
4413
3721
4618
6627
5103
6741
3289
6989
1118
9591
184
7296
2727
3916
6728
3856
8847
325
5185
2322
3353
7156
6393
2592
6042
117
4392
2144
2220
5558
9699
9209
7351
9323
6467
1395
6414
4964
7759
4915
5117
6374
2991
1177
9595
467
414
5302
8040
1405
6715
7637
8973
8594
6215
9508
423
249
1427
4252
4747
3376
3905
7269
9699
4466
8106
4123
3210
1475
3576
2294
8736
1613
6454
2683
7887
8700
7208
6057
3576
6066
3093
7418
9387
346
4552
9761
7375
1115
3504
3945
6152
5812
1943
1045
890
7609
5341
8446
8405
8855
4466
1223
6433
1331
568
862
8154
8336
3377
8531
4531
7545
8493
9782
3006
826
3892
5935
6510
6994
9092
9523
5382
4432
3416
8886
1468
9738
3737
8346
2301
3163
3470
7712
2738
8280
6893
7966
5880
8088
9669
5431
574
2081
6657
3157
1509
5293
7094
3438
5754
5037
8492
8860
3429
3261
5363
3853
8311
3311
9601
2601
5098
9892
321
996
4790
4060
1161
7102
8228
1237
6471
8108
1684
7121
3722
2898
1251
3443
9526
3549
7870
7988
9770
6438
5679
9855
5756
3323
7622
5757
828
3811
18
3780
8624
3697
364
8244
2992
6753
9182
4054
7232
8653
3374
8664
4950
1230
6794
2621
4778
4453
7777
3270
9049
2835
7225
8838
1896
779
5329
2718
8531
1479
3009
793
9908
382
6758
7107
7793
1550
4144
4342
8446
9714
7947
270
850
5789
898
1213
4738
2452
1586
7206
1421
8137
6059
3993
2403
4538
3104
966
4017
9932
4428
4128
209
9040
4202
2593
644
2689
6438
5068
452
4092
4088
8165
9958
7993
186
3505
522
2423
4974
1755
3111
1282
6245
865
2730
3090
7048
1387
8821
9318
3235
5150
875
1707
923
4261
8256
5447
3134
1952
9622
9021
5587
7359
7469
7717
5057
6450
3391
9819
4653
853
5792
7513
8754
1651
301
9358
4775
2891
5311
473
561
2483
4943
6363
7062
8913
408
9137
3883
5657
4991
4569
9897
973
4684
6695
4306
2303
3204
8064
6701
4344
1336
471
4034
1151
4261
1139
7845
3074
8033
466
6279
681
111
4293
8807
4797
8506
4425
4083
3355
240
2718
2566
1964
4907
9214
2204
6407
5085
9500
3188
5868
2093
5900
9699
652
4724
8570
1180
9090
1088
7664
3416
584
9254
9279
6232
7420
6652
7172
3608
5
179
8637
5902
8370
1865
4984
1066
4246
967
5203
8040
9443
6776
1185
4147
3604
4272
1287
273
6668
4322
1860
7258
1898
6302
3811
4766
632
2246
2590
1067
9328
9659
83
3665
8816
2236
1671
579
1295
1720
5335
5018
6640
8630
2612
9134
9044
2677
6786
540
7611
3111
1880
7337
9112
1589
2912
5732
1993
1981
6651
6377
3500
1570
4640
7510
1566
3941
6233
8109
6919
7799
6981
3423
2555
1080
7677
4110
1442
6520
4232
8182
8326
2015
2706
7876
5006
1445
5542
5868
4224
8725
8856
1053
88
8313
4998
4282
3155
3589
8322
358
2257
6763
9431
5689
9776
4211
3604
7989
4530
2849
269
8392
8060
1876
8667
8489
6348
4036
5575
8250
1704
2276
3071
8612
7666
4185
8326
8370
9201
7305
4343
6881
1204
2939
5508
6681
4719
3625
2979
5105
8631
1521
2990
8438
7131
6375
2313
4927
339
6761
91
5026
9879
3064
779
2772
4791
4100
8748
9694
2505
8247
277
8564
8687
1811
9279
452
8716
1588
2715
9618
1388
7423
3442
3211
5192
5830
6026
843
8732
6317
7895
4672
8635
3111
4048
5658
767
4713
9282
9429
6774
8499
6085
4403
737
5616
8306
6212
5400
4308
8710
4710
8268
18
2310
5637
9474
6415
2313
6638
3732
1201
3901
1989
166
8169
8257
2295
9302
4606
5174
8501
5053
5331
4440
4744
7433
7576
7108
349
6378
5082
9175
4033
1573
1773
4959
2730
1652
7712
6427
4952
1153
3744
3755
4208
3359
772
3139
4242
3175
8816
3918
5208
5129
6585
9330
2530
2432
5511
765
921
525
2803
1383
5166
9147
7645
6898
4860
4207
4520
3055
2069
108
8791
7929
1297
4052
9264
3886
3000
441
8708
4823
794
4116
9106
2107
7338
3790
7566
8789
161
7875
4847
693
247
8251
6463
4820
8053
1615
1374
8593
9406
5316
511
8553
3841
6852
9013
7924
510
6504
6162
3299
5412
3313
5081
6177
5742
8728
9661
4728
3535
8236
3511
5804
3584
2454
8018
9010
7258
2953
9335
6971
1623
4458
9023
3308
5967
2324
4870
899
1936
5619
3278
4204
5732
664
7168
5814
7903
3121
6990
9572
197
2930
1870
6788
1495
1488
6976
4521
5809
9390
1874
906
2827
2412
6789
9772
5881
723
8399
7426
2119
9640
7459
9339
1489
1292
954
5352
9249
9239
8066
5517
944
418
1153
3388
1514
6119
3863
194
6494
1074
1442
1159
5085
637
9191
629
6919
3289
1394
6121
7027
9190
5887
7652
2235
6808
210
608
1255
6919
5524
9967
2528
7056
3570
3304
4460
8553
6451
3079
9299
7743
2381
8135
4690
9882
1111
7156
5812
361
3958
8639
9044
818
7901
6331
3709
9671
42
8657
976
9693
5449
584
722
5141
1567
1014
9269
1558
7625
4714
5388
8977
3197
3490
352
2547
2929
3374
3350
1209
8198
5048
631
1397
3820
4602
4779
2711
7343
9435
5235
9696
7775
4928
9868
2037
7038
5455
7228
9387
9087
4371
3797
1527
2671
8
6248
7532
4851
7989
2714
7758
4724
7066
2832
1491
401
8962
4933
4055
734
6832
3179
8734
8288
8579
5105
2763
7984
574
2709
319
6698
5332
7896
3047
4929
8338
7941
5157
1410
5303
8266
9833
9480
5445
3935
1551
6604
961
6810
4828
3872
2963
1352
8216
4975
8857
2474
7122
5905
9841
3326
2394
3038
6129
2641
2053
8216
6218
8907
1043
2436
5864
5911
6619
5758
2130
2877
7999
5872
3044
7111
7400
8576
1556
2748
6832
748
5259
7875
5102
3396
6327
7631
3718
4379
3107
7328
5323
4485
445
9283
3545
3101
3725
6165
944
5077
3042
1343
6530
474
9849
1004
9636
6820
5656
3981
639
1621
4573
9918
742
3901
2555
8149
5798
856
3770
2532
9464
569
8770
2530
8389
6147
8340
1976
3697
7812
2171
9958
6549
5365
8890
7466
635
7926
834
6463
5972
2477
6234
8715
3284
6199
5358
3542
5199
5184
5559
7716
1923
8473
3743
57
8288
8128
8618
71
2894
4892
8886
471
4956
1526
8365
2122
9196
8784
6514
4652
6929
2922
4172
5295
7116
2780
2623
676
8386
7680
5945
2366
8693
8067
3973
3239
3604
7844
5834
9306
154
8080
9236
3792
7655
3069
5438
4861
6947
62
4367
334
3382
2875
2958
1334
8600
789
2037
3027
2915
420
9904
9671
3645
1394
4672
510
9945
4085
5969
1326
3913
433
4899
4750
3991
3564
8635
4329
9926
1550
478
6967
1975
2106
8558
545
7175
5658
3464
3781
8590
6375
3130
233
2010
5961
7788
8131
9484
9788
8239
6500
2583
1888
4672
7658
3200
2049
8961
3559
7685
1485
50
6726
7514
9255
6113
2730
8356
4020
6379
3927
3637
6919
9750
516
9171
2415
3336
9597
7602
6622
2937
2275
6960
1947
6635
6471
4209
4444
9279
9903
6586
3259
4181
258
8994
5952
4112
3912
4961
5259
8526
2756
3581
5021
5125
6836
703
2975
8225
6738
229
6206
370
2833
6616
2120
9486
811
6360
5629
2921
5059
1287
6745
4751
4297
2650
4762
7179
3172
8252
5812
6204
6917
2292
1688
9963
2508
6217
8514
1213
2026
9407
3673
9861
3711
438
4150
8969
5791
4039
1114
1998
7251
1024
7545
4406
2700
9364
7109
1215
711
3677
8113
2578
5935
1740
4725
7024
2203
2072
7676
9020
3633
6712
1815
3317
1237
2113
7545
3326
5742
6075
1333
7417
165
5222
2005
7834
8975
638
2101
9749
9934
312
2455
2883
8335
7741
4992
5296
9949
5197
1702
1706
687
7081
7466
7394
6732
3767
9667
7545
8478
5877
119
4188
4616
1204
3019
8777
6695
8862
2597
1700
4522
2288
6387
2055
7466
4974
7577
4337
5171
9332
4300
5928
2479
1327
1999
6096
3804
8951
4451
4670
94
2390
3117
1076
1260
6245
4299
2204
376
2735
844
2814
323
512
3592
8741
2775
1909
1947
2029
1516
1402
2066
7290
5579
309
3634
188
4621
4964
570
680
8606
2779
8778
5623
5809
6801
8430
5503
9260
9872
8667
2342
2127
2528
4854
4078
5971
525
1176
4100
3613
4863
7045
2010
9950
1225
8791
2067
9706
8453
7012
6992
6352
733
2668
9072
9533
230
4324
4028
8833
8706
7277
6281
9461
6414
3919
2982
1674
9812
2810
3016
3032
9524
2958
5758
7090
5863
8803
8513
9796
2839
5086
9345
5448
9855
1611
6349
3154
2496
8156
6363
1672
1160
1616
7028
5586
9844
3996
953
6613
9758
1611
3682
6773
9998
3922
3523
3282
513
4092
9443
8779
3393
5401
2260
6317
88
595
2068
2350
6381
6852
4022
6599
9209
6846
4082
1272
3774
8351
8683
6701
7041
6055
340
4519
9692
3219
6075
8667
4004
6974
2882
9738
882
3824
5785
6397
155
5159
2788
614
7986
4156
4172
1774
8313
3543
1428
6639
9552
8255
9741
4937
7143
5376
6407
9877
8610
2906
6647
9041
3922
9441
900
7723
4241
2
2085
8318
3935
4974
418
761
4087
9640
2677
4882
8199
9197
7232
1768
3965
9192
8622
3692
6920
1632
8668
8300
1093
7401
7760
799
2185
4452
2734
2589
207
6986
7526
9047
5570
8946
7750
1551
2486
5439
9792
492
1776
881
7340
5984
5067
9074
6273
743
4020
1095
9260
9290
1226
2406
3695
6043
2257
6337
3450
2420
4531
9342
838
44
3288
9372
8152
6573
4331
1087
1501
5001
5699
8406
8153
1665
7221
7198
6591
9856
9892
509
1761
850
6005
202
3810
7607
1371
5363
6403
3705
8622
1597
9062
341
8435
8117
2088
2217
7402
7862
6324
8317
586
2788
6495
1918
7729
6336
6500
3827
5979
1246
5056
6839
3505
4452
9574
6356
7561
9351
8959
6426
798
9956
499
7432
9528
6227
8538
3494
5651
7485
2140
390
3789
7135
6726
2274
6410
4902
3741
4246
9568
600
6566
6534
3017
3749
3268
1248
3000
5811
907
875
8356
5485
9012
9396
2518
9531
960
9390
7329
3907
8870
7143
9571
3128
6581
8802
7094
7850
5332
1599
4246
4165
4500
5317
320
6600
3795
6482
3839
4489
3336
7976
8538
1457
8848
7257
8953
8004
4529
9069
2861
5683
8412
7121
1072
5344
6742
7741
4557
4727
2418
7927
3367
6614
1713
5013
3004
7753
5758
5662
342
424
5460
3831
9883
2926
3934
7834
5545
4705
7920
845
6171
981
6593
8558
9590
7809
7147
5594
3937
7938
3576
6652
8730
7296
7333
9391
2719
2145
1118
3687
9449
684
6613
1702
5995
8080
6116
8985
6612
5845
54
9912
7440
2021
1733
8130
1580
9685
5521
4236
5815
9596
6608
2769
9394
9835
3153
4446
1331
3106
6218
8457
555
8230
2313
7333
1707
8792
3561
8081
6475
6873
4892
1112
4213
9332
3176
1121
9840
8139
3045
9049
6483
868
4700
6489
899
9466
5457
3597
8318
5967
6958
973
5942
9217
7423
5880
5884
8715
14
3605
4209
3155
5234
2781
4546
2121
8966
1197
6659
8568
8387
8532
6070
7414
1027
8339
806
1579
6201
4520
1855
5503
2603
3535
6851
6078
3671
3355
9477
3048
5655
502
892
36
5534
1824
7343
5324
3569
7158
8318
8081
4574
5098
5506
3908
4681
8958
4086
909
3509
2365
6632
2263
5825
7633
6860
844
5520
8504
6356
7333
3427
8883
1235
3477
4055
3487
9416
7991
4549
5171
267
8406
7694
7766
3034
2095
5562
483
3950
6553
1614
843
749
9904
3927
923
3512
6376
94
1076
638
3664
639
3686
349
786
1847
7694
4048
8074
8417
9916
8528
7310
3382
7485
3832
2968
7934
7752
2289
8171
524
8570
976
8205
4404
7477
8678
6882
1315
7704
1581
2235
9997
1579
2544
4156
9530
5783
3797
7169
3511
1235
1656
3115
412
1427
412
4247
5825
9849
9804
9718
3628
791
2704
4118
3433
1220
8043
4878
9750
7107
7733
4352
1066
4508
6080
8159
329
7843
7104
392
2053
3278
9267
6046
1665
4821
4
7777
3170
655
4110
640
7459
441
5932
7280
916
7878
5809
3684
8815
9276
5199
9306
4631
357
360
8270
1699
7333
4699
4921
8313
4497
5149
7472
7711
1049
6900
5683
6652
9764
7599
5637
6879
8965
3944
607
6090
7999
1962
6487
4286
400
3507
5615
5525
5041
8912
6250
468
4664
4290
6845
5459
4375
6753
106
5940
640
3036
1078
811
8392
357
6866
9097
2424
1612
4222
3677
6253
4268
2699
7213
8276
9531
3154
9848
6031
1527
6232
6604
84
7049
4283
6934
2601
3231
2917
4350
5847
8695
5764
1532
3562
1547
9999
3560
7098
568
9143
640
4883
8417
1930
9839
6163
6033
1861
1377
5888
5942
1361
2597
7079
653
3298
3504
2788
4733
2365
4610
2905
5580
7751
4827
7513
7263
8972
5970
1211
7200
9993
6622
9766
8629
6204
801
6111
5722
7615
8477
7509
9081
993
7945
9632
2948
331
3410
6549
6890
8820
2807
3727
3622
5368
3822
9258
6557
7699
7089
6215
2327
7605
3393
8776
6659
123
9937
5565
4293
3131
3072
9624
1225
3201
7462
7926
1762
5652
3577
6868
3528
6504
3891
2371
5882
4855
9215
9471
8551
4998
3841
9253
948
2812
8346
1551
9363
6371
5979
1336
6232
8713
610
2395
2366
3628
8118
230
829
7359
940
8272
6498
4081
4415
6268
1020
353
9094
3507
736
8948
8861
165
9993
3567
3885
7580
5260
3050
6452
7773
3230
6826
3896
5112
6860
166
5381
631
2300
6794
8387
7679
5331
8031
5947
1039
136
9701
468
8351
3842
6556
2507
2048
8238
1190
7439
3197
8042
3891
4975
4183
118
2564
7950
3698
7641
9321
3168
269
3979
2708
9282
9254
6844
8252
9146
8324
22
9965
4575
1268
1636
2012
9477
1117
2784
9870
2
164
7733
8644
7287
6283
562
8703
5700
5100
7778
3081
8522
5708
7882
7534
9805
9696
261
6220
1191
4841
6342
9896
1671
3810
5703
9526
2466
7365
4341
5652
3616
7622
256
6737
526
5228
1175
1377
2587
2364
7984
1179
5341
488
996
8678
9917
4304
6703
7836
5514
6481
1014
9587
4339
8355
8015
4547
2672
6981
278
2290
7294
7408
7799
1976
8260
8397
4393
5356
4755
5468
952
3924
2987
2347
6615
4561
2771
5444
8438
6618
8670
7839
149
3034
3743
4771
1954
4402
2711
4754
8217
889
4391
9633
8613
224
1382
8075
8477
8851
3606
4302
2527
8875
3805
9000
8097
8204
825
4686
9055
1053
6260
9996
1644
4351
5715
9882
4629
8459
1297
7128
3197
9405
7873
3015
5049
907
148
8413
5659
3006
4857
3043
2226
6471
3360
2641
4902
7922
1867
3406
9151
3284
4032
9644
9594
9198
6365
881
9690
1379
9941
2181
2516
6879
8741
349
370
4427
7525
4721
8207
2182
4787
1145
5631
4332
3625
9574
9932
5020
8227
4308
8440
1992
6814
9739
8655
3136
6708
4994
6354
4327
8141
9103
5686
8414
1611
9885
9552
1050
843
310
4408
7655
4949
60
240
5217
8632
2658
3816
6915
6155
6120
9656
8300
5831
2870
6312
3349
9888
5150
6139
3810
1
4311
8829
9435
2020
6347
657
6817
6058
9130
7788
2488
6331
1351
4722
8903
7074
5249
951
1831
3415
3014
6577
710
9641
4738
33
5309
7287
4655
2154
3797
6066
9844
8287
542
3161
6990
2665
2162
2967
8698
8852
1076
5759
4963
1021
4539
146
5214
3507
2253
3707
6429
9682
3975
1339
4422
7818
5839
1879
8778
171
1655
7700
5799
4876
5264
9548
37
2286
7875
4609
304
1630
5383
3116
9894
3463
6230
9435
9911
9417
6379
2518
226
3682
8775
4600
886
2943
702
721
7209
8625
2816
5971
5234
6784
8607
6619
8347
5841
512
1063
4869
1893
9369
1227
6762
3324
1716
5534
2382
8434
7340
2058
9231
9046
1947
3895
4598
642
6814
1727
1626
5095
3259
3519
4260
9334
2027
459
3085
2158
9988
2929
2432
819
3110
7425
2024
8909
2566
1056
859
6383
4138
3994
3817
5417
7144
3214
5449
1032
881
5902
4068
2588
8726
9606
4529
8658
4023
5332
224
3223
6929
4024
4096
8118
1982
5828
4202
2428
9715
6732
9942
2871
7684
6765
4257
1007
6909
9544
4704
202
3787
1610
4566
7795
4930
8614
9194
3472
1090
473
322
1854
677
2294
7758
8946
2328
7681
9989
5073
4436
4973
654
1487
7211
562
4467
6726
5485
6823
2920
7485
3013
1427
9721
5592
3878
3101
2145
8681
2963
2031
4499
6650
4552
8574
9977
7907
9601
8101
3070
8449
9337
6330
8711
1199
2820
1961
537
9112
9966
4341
9104
5522
6939
8386
9008
1222
4907
816
847
5783
8762
587
1701
7031
6725
4911
2432
1097
3324
8269
5883
1328
3809
2228
3918
5610
9787
7673
8648
551
4749
4155
7438
1816
4869
4814
6737
870
2355
492
5678
3272
288
9452
4813
7289
4317
8518
1947
1292
9378
5247
5938
1367
265
2743
1485
5933
1579
5867
7518
8586
5894
9821
3197
4108
951
9480
6318
1815
6583
8958
1921
9568
6310
3943
5811
123
1459
5702
7162
8906
1434
3020
4104
5557
2891
1357
5572
4754
6813
1540
8578
1614
5886
3992
2884
8019
4953
5378
2307
5953
1711
3527
9677
7250
6638
283
9351
4867
7593
4040
5896
468
9915
1858
2830
486
6339
3368
8810
4177
6667
7542
2308
1540
1790
6030
6429
1667
2023
1077
5397
2875
2606
2082
5076
3458
9491
6665
4833
4661
2308
6226
6002
7338
4585
28
7793
2495
2353
965
5167
663
5344
5652
4840
3230
7171
9790
509
453
2532
3113
2412
8644
8078
8471
6565
453
1237
4936
695
5858
2715
8208
2197
5913
8023
5836
5717
9666
8012
2072
4143
7142
2855
9168
6788
5593
5068
588
9844
9982
2582
7386
7885
1017
4237
7295
4729
1101
53
3596
9354
6530
9918
376
9888
6457
5386
1329
7188
4065
8848
5022
4341
9357
9345
464
4179
6176
9190
2696
8558
9341
7543
3199
4941
8459
376
4740
5533
5508
4094
7468
6474
2125
5061
642
7132
803
9129
4092
4400
6627
5687
9728
6241
9000
1833
4247
5149
1584
9148
6649
6763
289
6712
224
9645
100
2978
6118
1070
274
2636
9038
9445
1362
1446
3309
2575
7159
6830
5111
1233
5831
950
8588
9148
4784
3899
5968
4609
5620
5624
4880
739
7181
9478
7587
4633
4876
5406
8679
3194
2507
1355
3607
6088
6707
9136
1005
5265
3633
8661
4803
4057
2861
6510
4582
1064
5646
899
8239
4892
8797
8723
5032
1179
6248
6641
2562
962
9448
3407
208
4849
7314
4541
2032
1278
4023
2690
7683
1591
6647
3881
3261
5055
8377
9726
1919
2938
401
7755
5959
4997
9152
1059
8281
9434
753
3679
4727
5890
4297
9539
4169
611
139
5397
6016
5517
6947
1461
1736
3042
2946
950
595
5796
7256
7708
1351
3159
7364
917
949
1457
8293
7696
3850
7817
5618
7789
3016
6141
7096
1472
7241
4090
1575
346
3773
5546
7936
1546
8661
6540
3708
4039
7016
9964
208
1475
978
6484
5273
7080
5355
8925
15
1599
7456
4971
2929
697
4343
3668
7666
1525
7089
6978
825
6680
859
1288
1065
197
7912
1057
7904
4558
4438
4348
9155
8644
529
22
7885
1310
9223
5901
7102
5895
7878
8625
5498
4575
9650
2615
7288
8776
9214
4800
3277
3730
3565
5183
2271
5335
8337
9342
3123
5369
6183
8760
9229
8116
3178
4172
8277
8203
9470
5665
4630
1654
3418
2272
2603
8627
7665
1014
66
9529
6936
5895
8472
5120
6375
9271
7801
869
3413
7469
4967
9525
4933
2433
1341
7699
6380
7220
4059
9037
7453
4194
183
1625
3321
5965
8117
9697
3198
6925
5178
930
3633
6042
8813
6040
6898
1098
2849
3316
6239
4198
7713
692
7387
5436
5087
6050
4992
2641
3256
5572
625
5934
1105
7029
481
6651
8155
3989
9733
262
5661
8254
8537
2098
8622
9619
3935
2622
1382
5228
1401
2609
1237
607
4856
6017
3450
4322
8959
1547
4960
3313
9332
6684
5737
2186
5926
1035
3995
376
2986
227
5859
9984
5136
6873
1504
1955
4074
5618
7681
1917
1798
5060
3139
465
4252
9398
2480
7536
9494
1703
669
8172
999
6751
2926
6583
90
1513
2622
1769
494
9098
4021
8834
8729
7890
3254
7181
9170
5928
3405
7540
9632
6313
843
8570
7741
4619
8942
5447
8755
1482
6478
7141
7285
7121
7123
8958
3917
3851
6774
3845
2847
3904
3752
8728
8379
7301
479
3325
1795
3656
4557
4530
2460
3238
8469
985
9042
9280
7078
3559
3497
749
7019
7655
5958
6787
3155
402
7970
3500
8035
4630
7016
6138
5926
8854
9302
171
4630
5809
1140
6169
5062
500
3294
1112
9874
853
3522
5434
4648
2631
9866
9333
485
4070
6073
5377
9198
2446
5103
9354
2713
8036
7340
6868
10000
8422
9749
1178
9333
9852
5291
9556
7812
7869
3096
2528
5522
6647
4661
5107
3432
5103
2151
3880
709
1024
5860
1234
5560
337
6104
2558
1969
9757
8976
9528
8628
3300
3515
7557
433
7837
8028
3456
7266
3427
3360
8553
1260
961
2536
9273
8159
5581
3790
1389
1633
1665
2383
4476
8306
808
6927
9559
5889
7493
8217
8529
9365
6422
8875
9438
8301
7523
4192
3769
7407
9528
5943
7465
6425
307
9924
8260
533
7771
4185
7266
8187
1596
630
6509
491
3968
7993
2395
8750
639
8771
9880
7769
7637
7171
6726
2266
1029
2968
2006
7826
309
9720
4087
3878
8150
4136
41
5413
1372
7396
3805
8330
2321
5268
6332
4071
480
4382
7338
2865
2089
8017
3234
3714
610
7139
2515
7246
2873
7597
231
9330
5047
9347
3417
8145
2761
1685
8770
2657
4368
4717
5710
4384
8265
252
171
830
4054
1996
9593
9621
5114
5448
6731
6919
2483
7710
1232
1627
6165
4629
2736
2087
4719
1649
6623
7929
3486
8191
936
2887
9772
6990
7582
8032
3665
282
5461
9598
2515
973
5378
1664
2414
580
4016
8357
8438
3388
779
2476
9426
8241
811
8288
2546
4758
5397
6867
1187
6198
6234
4349
2838
7527
3534
1302
4591
3729
8124
9123
1164
6387
1586
5294
5470
265
2637
283
6951
7745
5883
9759
9728
7433
9363
105
8632
7049
5632
4862
4106
2709
6038
4991
5862
3740
4709
2100
9638
7956
2712
6864
8384
3289
647
5067
586
3083
8858
31
229
4830
5516
2148
6092
5324
7206
553
1192
1231
5512
5043
8266
1902
5436
2147
5392
3312
9388
4881
5973
2372
6899
8655
3658
2024
8845
8495
5613
4333
8649
3604
459
8425
6843
3840
196
591
902
324
8983
7778
9986
4020
8298
249
5877
3802
553
8150
2201
2502
1321
8183
8056
6517
1536
4077
2694
7374
3734
8732
5166
2383
9354
4474
2131
225
5212
9013
596
8405
2434
814
4743
8248
8766
359
3160
6488
8015
797
5990
2951
8018
1771
5613
3583
5340
3071
3560
1876
1553
3578
5148
6956
8853
6591
2512
4782
8638
1462
8486
529
8665
2832
6218
2186
7339
8208
1166
6425
7572
5112
4830
9
107
7678
199
1615
2206
2670
2632
217
3358
5964
4186
2346
1299
4974
8424
5332
7048
3106
540
1465
1224
7364
7353
6628
7332
565
3572
9481
4742
6106
1947
1891
7543
1658
4795
5355
5982
6713
7438
5084
771
5894
1717
9860
2531
6508
4177
4328
5976
535
6786
903
5323
480
8577
9025
4987
9484
1523
7041
9859
2888
9181
1162
8995
601
9078
2682
1627
3884
3139
4964
7763
31
398
5999
9997
7918
3480
7332
8698
441
4774
9375
9906
2217
8163
1486
9813
9308
7183
8284
5000
6774
97
7987
1029
6110
5893
2900
8472
7252
9919
5373
3487
8174
6782
3608
9882
8697
8586
6966
1422
6464
5084
4050
9737
6279
107
6183
2270
3566
6944
2776
3802
492
6150
6890
9531
7775
8387
4891
2895
1713
419
4623
5488
8217
4277
2705
931
3906
759
9158
9476
9148
3060
8105
901
5266
1314
9321
2605
6584
6147
2016
2611
960
9644
912
8096
590
5908
502
1629
9907
7764
7097
2102
7824
6549
7618
9842
5610
5361
3750
6252
5291
3656
1180
2389
3716
6066
8096
3644
4876
1797
670
5731
1934
4394
535
8479
3875
4959
9194
4965
8596
4132
959
5404
2270
5753
3078
8905
6175
6020
9387
6707
3319
6177
4639
7891
6828
8301
2992
9693
9543
1946
2810
6048
8461
3998
4060
1527
4382
438
5114
9650
2641
8053
1409
9870
4341
3608
3040
900
8684
9186
7674
1951
6179
2356
8914
7915
2658
5188
6263
2903
2207
649
1094
8323
5578
5500
6321
4861
3916
5115
7486
4097
9719
8110
359
6667
5866
6083
1032
8138
4350
4852
8392
4814
7787
1684
1816
6164
9013
9185
7835
7828
6104
3054
7473
5393
6301
4021
8905
7068
9548
7416
3059
7531
3266
964
7530
2679
8149
8553
8727
8894
7033
3734
6123
3938
4234
139
3716
9020
3391
3784
3314
4194
9442
8528
1730
284
2615
422
7762
7139
1103
9863
7663
3760
1259
4067
8566
2306
1357
5410
1077
4209
7570
871
7084
3417
9077
4893
8994
1247
4359
3573
7610
1517
2351
3549
4524
3198
9003
5357
9115
2008
3610
4100
9046
8657
6838
3216
7510
2914
7418
5511
1502
45
7192
6553
1489
1688
9009
3656
6839
4893
3050
5029
3198
8192
2120
7562
1956
8
2075
3408
4019
1241
4867
6692
7332
4187
6563
2615
4390
9182
7812
1383
3399
8273
6131
916
4394
141
634
4720
6253
1172
7043
8053
2333
2181
3993
5577
1902
7709
3718
4792
5474
2596
4149
9654
9217
3726
4584
2882
3277
2557
916
2730
8624
6620
616
5176
5921
3124
7144
2302
585
4929
159
6477
8572
4002
1868
9407
2185
1193
7145
9638
7928
2336
5738
4671
9639
7456
5602
1582
4788
4555
5505
6493
2535
5814
4096
6547
4626
263
2519
261
3050
4685
8544
1262
2467
6950
2856
3365
2236
8611
7446
8612
4712
3339
268
1321
8881
3240
9054
7410
8059
5518
1746
4522
8031
1197
2984
3311
4157
7264
6416
9041
8687
4311
7697
6301
1336
554
7448
5746
1361
473
7102
7234
5675
2169
6796
104
6296
6504
1619
1966
2713
6093
8334
8185
4812
600
9275
5605
8665
6063
8764
1811
1131
7833
4256
6208
8095
9056
7298
5684
6202
5494
2864
9504
4802
4373
4032
8895
5131
377
1036
7975
867
1146
4420
7154
5776
4103
7044
6178
390
4427
8418
885
6470
6610
4340
3098
2400
2752
8634
4027
9525
8817
5079
1636
8418
4423
3141
9654
9796
2591
8260
3646
2828
9603
9160
8489
5919
5171
650
3286
8659
465
4398
3864
6799
7961
7663
5688
1001
6434
4882
5065
9207
8598
7839
1636
5520
1809
9491
4863
1622
4675
3272
3825
3973
2949
9099
4572
5025
3166
837
6856
1153
8907
2172
2524
6601
4577
9697
4229
8903
2946
8169
1664
3230
9216
4715
2913
5840
3695
9832
9518
5953
2779
7605
5431
6607
870
5317
9335
4488
9237
7159
31
8930
3362
4764
5967
1622
306
9182
6632
7254
2892
280
2359
8303
6492
527
6308
9895
2528
9500
9198
4603
3479
6642
6982
7254
457
3065
6141
5861
4200
1878
1712
111
2464
8492
5126
4707
3940
9694
6313
6893
2029
9313
8785
144
9804
3028
5636
1102
1365
6238
8326
2433
9883
2404
5776
3847
56
5096
9427
1740
7613
307
3263
3250
8357
4220
9201
5901
5044
3342
5829
3391
1074
3202
6221
3968
6668
9604
5053
8869
2492
3176
2897
1445
4765
2329
1937
8451
2081
3977
7845
598
3981
4571
6929
8514
3440
5490
4161
5870
189
2436
9536
777
373
7455
9791
3879
9530
1781
4515
1139
8554
325
5302
9254
2260
1566
371
2838
3313
9497
8768
415
2293
2876
8778
986
4323
7715
7885
9200
5949
5154
5345
17
1469
334
3494
4536
2013
6511
1850
9041
7116
4599
4489
1170
7817
8195
2437
5082
317
3989
8596
2838
7449
8184
3014
2214
6757
14
2246
2220
1731
2749
1681
1785
4493
9484
8844
6019
4058
833
8503
9781
4133
6494
9542
765
541
1599
9562
1300
7865
6962
7299
37
6691
7891
2967
8007
9197
2453
9022
121
434
8838
6053
8726
669
2309
4034
1686
1276
665
6480
100
5367
6442
8814
8412
3173
2991
7962
3028
6078
4046
6935
5368
6947
9567
3076
1691
24
423
7215
4759
7023
2234
9425
6576
9328
2715
9053
1103
6929
8712
3005
6938
7839
2056
7150
7187
9512
3359
1000
834
5556
8540
6583
9405
3999
4976
6752
2584
9751
6680
4244
2854
2633
9279
639
6832
4388
6371
5766
6553
5365
1961
3813
6152
8822
6252
5231
7379
9583
2760
8778
576
4165
5080
2754
4385
3635
2436
1904
7751
50
2238
742
5519
5653
5220
5008
3715
5278
9375
5665
8157
8941
4345
9507
7824
7059
2970
385
309
3583
9761
5552
7972
5058
5390
820
2187
9606
6508
5846
2871
2914
2132
8086
3333
4736
9733
3171
5287
5052
7303
2532
2293
9127
6770
8078
1735
3674
7969
3945
8880
5919
682
1258
9008
3918
7839
6909
984
2831
6287
5253
8236
7109
5227
8736
5158
8587
5963
6273
4896
9492
2576
8914
7100
9870
4988
7703
8692
3049
9158
6819
5535
8504
7357
779
3708
4094
4748
8035
1066
3782
2321
384
8994
5644
5474
4211
1176
7332
2063
3968
5036
4128
6935
1401
9186
7782
7362
6076
2358
4406
7037
9074
5231
7384
1388
9313
3517
2305
3638
1824
3822
3298
2893
9643
71
4493
961
8659
3316
5119
6182
1890
2950
2014
7321
2521
8653
3669
3970
1164
8902
6717
3799
4156
5156
2597
3482
583
4914
1894
540
4980
5977
5479
5820
8515
2415
3014
169
7157
1313
3886
6367
1562
3834
9195
9922
3791
6475
2683
7865
8571
3543
3354
9571
4186
2956
6275
7855
3240
1903
6736
7684
5415
8793
921
8020
489
2817
8369
4480
698
8940
265
5833
5902
2495
7078
282
8709
566
5802
9509
3882
2989
9458
6494
6582
9005
8267
450
6496
2792
8811
2772
6122
2407
4419
2284
6307
5650
5113
1694
1017
5493
3493
385
4605
2356
5566
6373
6794
3939
8207
2744
2061
7517
4180
4132
4902
2703
2551
9013
5517
769
687
690
3394
8953
5608
5119
4390
710
9280
7271
9396
1498
7765
6585
55
2580
2015
174
6917
3551
3102
9179
2941
3743
5284
4221
950
7132
4684
8542
3433
4249
3530
2321
1623
3747
8083
4842
1251
106
7616
3826
9994
1499
9496
1959
1909
2013
958
5585
5167
7782
89
4955
1623
6333
1822
8946
122
80
5270
5986
669
1465
1976
7950
6219
7955
3757
2981
1766
1607
8982
5986
9608
7223
3864
6676
3011
9759
7433
9616
5682
2529
62
5669
8275
8586
1077
7406
1293
1962
6925
9595
9284
4366
3595
2967
8349
9325
6556
2134
9730
5092
4459
7117
8459
2281
1209
6081
8394
9726
6769
7307
3030
7174
7322
9713
6454
7938
5787
3585
5971
1657
3882
3170
85
5685
1119
7022
5061
5599
383
2502
5768
4869
9459
2597
495
8351
3759
5904
2867
1375
1964
8106
4636
1368
7825
8401
7286
1538
5401
5387
2304
2848
9415
6999
154
4608
37
2544
5830
6577
1765
4190
2426
8473
7464
6974
914
8045
9816
6387
9328
9261
706
5523
4611
1665
9989
2232
5639
8336
6013
6763
3254
4239
2400
7536
8924
5193
2759
5518
3536
1040
6625
8527
762
4280
9405
6819
2881
3958
3012
7066
2251
8792
8955
6088
5566
9324
1179
4101
3451
6660
7943
7480
7106
4455
7066
7675
9297
9185
8614
1975
9940
1579
5391
7293
4730
7094
6780
4498
7136
7898
9908
8788
7593
9509
4709
6477
4595
4298
2175
9712
6612
5172
8591
9651
7748
5502
3296
9038
1812
1677
7093
3006
5697
6822
2528
6875
4769
8700
3417
9513
1980
8158
2771
1958
8050
7222
9906
9223
1719
1557
6104
5706
8680
945
4648
7173
5501
7080
7422
5925
1817
2898
3924
3724
6299
4281
5857
9116
8339
8401
6868
7948
1679
40
5931
6250
2858
8334
8062
4135
6957
4629
9753
7435
8836
352
1001
3303
4928
4685
7786
737
9557
4741
4307
2492
5666
9690
3140
4130
1517
4537
1689
418
4190
9052
565
4360
1893
8
2142
4401
1877
6418
8390
1972
974
7876
39
5998
5556
2293
1612
3856
3734
8037
7198
2519
4736
8834
6564
742
2623
276
7064
5474
5239
8014
6772
9114
7032
4966
7345
1333
6030
8653
9731
7285
4136
9397
9247
9909
2012
2800
7588
2479
4620
7150
4437
8766
753
6049
4962
7489
7209
1050
8440
5728
9971
2196
9206
7675
631
1337
9433
734
457
4232
8372
690
6088
1729
1871
2088
5796
2722
4830
6749
5609
678
2512
1829
4814
7761
3264
6913
7762
6398
8155
1064
720
408
3694
1998
256
1480
4809
6412
4769
9392
2190
6418
8238
8936
406
1452
7593
3475
5696
4713
7692
5696
4989
2714
3271
9636
8158
6631
481
4670
5806
7248
8928
683
552
10
6511
3229
479
5039
1520
1036
3272
3835
6351
5940
9955
1262
1324
5718
6179
5474
8405
9049
4698
7465
1225
214
6205
3506
8285
9692
6432
3733
5606
2435
6471
7350
4641
6997
8979
2608
3245
7917
5135
3670
474
5785
9668
8002
6503
4902
8811
29
2749
7061
9251
8706
9314
7810
5940
8865
8423
3323
3645
1507
2019
6676
5533
3055
2352
2545
2694
4883
1115
9762
9822
2670
6782
2038
6620
8831
1318
1601
513
2323
2360
3035
4681
7666
7785
6460
3605
6914
2562
7887
8344
4037
3898
2119
3162
6869
8186
3433
7909
3416
3531
6539
4534
3544
2549
155
4803
9276
2229
6862
5694
4386
4849
4954
6631
3601
37
2448
9999
1136
3837
8893
1925
3616
185
7873
485
1463
147
5924
2697
2138
3284
3862
2275
7755
4498
3035
6027
9518
8667
8789
6153
5261
1982
6415
7028
2636
1022
7024
8185
9655
9151
5102
8971
9377
5995
5950
9500
3700
5462
3887
3317
8658
5417
8732
4938
1271
511
2567
7939
1206
6705
8973
158
7237
2317
7388
9836
9556
9178
5274
7697
2866
9186
7370
9163
6041
3329
9124
974
3318
3648
8628
4068
8870
4614
293
8080
2478
5110
2728
6594
9720
7772
2931
3053
2964
2648
9321
1987
8845
7152
5010
1926
4474
1727
7101
7010
7663
8666
1211
1120
5176
7819
2123
5105
6992
1673
1284
8994
6824
5084
5921
3261
3373
1766
5344
8425
9821
6214
9425
418
1566
4156
5715
4933
1272
7720
9590
6795
2545
1563
1633
6962
2260
328
7057
5610
2013
1124
8629
1104
5531
2121
5078
6867
829
1062
4629
7589
3162
3751
9679
9054
1824
794
551
8994
5405
8379
1346
1805
9584
6614
5125
6105
2783
822
1731
359
8170
1688
4992
8510
9930
9738
4421
5125
7178
1
1944
6831
224
7989
3337
9433
1436
6502
7026
2173
969
2733
3877
7610
785
4328
9401
6757
1087
9278
4774
65
831
4867
5503
2826
1858
8327
8282
3327
4668
6405
8644
3763
9689
1461
477
9404
1475
9252
8281
6901
4753
8736
5015
2193
8786
7338
5995
4808
9825
741
5000
522
8167
4651
7203
8869
3233
2478
1158
1078
5798
4720
6121
1828
9613
8962
6128
7778
2768
4177
4421
3666
5249
4105
2290
1644
9816
124
5275
156
4166
1452
453
6634
6494
2721
1883
2558
6059
5587
7212
7564
1222
8729
1468
9974
7491
2686
4922
6973
4487
254
140
5928
832
5283
5475
8751
1930
4111
5709
9490
3216
5099
9661
5241
4844
8808
8177
4031
7616
2290
51
5577
1635
3793
349
3733
2155
8978
8242
7117
5749
5002
5292
812
7828
2396
3315
6131
7237
430
6923
8889
7739
704
6599
3943
2672
8001
4928
9747
7433
726
6189
630
5588
2313
6236
2106
6881
7403
353
8395
3307
1025
6904
3628
41
7528
6424
7637
5825
8088
3534
5091
4185
8779
6733
9442
3676
8953
6028
5739
5404
9591
4982
861
4443
7504
9748
4007
7633
7892
2858
8201
2287
520
9980
4114
4911
7230
5026
6658
6745
7058
1297
7369
7954
2919
7842
1786
6468
8940
3599
7920
637
1951
7166
6603
2274
292
489
5100
4216
1608
4343
9699
2711
549
6220
953
4419
3995
7560
871
364
5156
4267
398
9836
5925
3812
8852
3987
9130
1902
9194
3085
9916
3825
5091
3285
4984
9457
8486
4233
1319
5248
584
2558
4887
8977
476
1260
4176
8020
8175
2985
4073
1185
8249
8849
7807
7491
2470
6933
5913
141
5772
8736
4799
129
3919
5182
6242
2414
8075
5203
7379
3561
8596
8195
2478
8161
6153
7622
7999
1419
6631
644
6213
372
8980
1230
7000
5831
7110
2088
4583
2349
7656
8879
9515
1668
3871
2818
512
4139
5570
3399
7781
5500
30
6482
85
5743
9363
1669
8887
3009
3896
1599
4892
5087
48
3344
4596
945
6377
9066
9953
4791
6750
4017
202
2579
4794
7301
3672
8940
5189
7065
9264
6122
6530
703
2059
802
526
6922
453
2043
2187
7244
3716
2114
6994
5461
8890
4352
5785
4357
5058
3086
717
8268
7659
8791
4674
1759
3900
1891
3993
2418
7457
3713
4386
6722
7828
2710
2794
9221
525
2637
1888
531
1261
5689
7288
5784
4445
5561
2498
7758
767
844
1697
9339
2040
8787
8266
4921
4328
1423
9327
3482
8796
822
5555
2621
9226
9591
2794
4482
7321
482
9816
1692
8840
4281
6994
2884
363
4028
9020
8005
888
6594
9647
2446
1779
3387
6434
3563
9824
7367
8089
5000
5743
1364
1005
5360
9052
5301
9418
6763
1834
1749
6257
9736
4692
8760
4306
6778
4711
3032
5706
8842
6875
2203
9778
4172
7318
278
8665
2922
6837
1477
6725
6099
4046
5633
5538
9681
375
2695
8844
5840
9124
5624
3987
4822
1161
4397
3025
6598
1154
3141
8765
1623
7370
7922
7871
1345
6286
2645
5905
7579
6140
1979
552
324
7234
2120
9171
1585
3715
34
6782
2590
4977
4681
8963
330
9956
9943
6986
6625
9982
5805
1926
6450
4024
3933
6176
282
2796
5938
3853
7310
4710
9453
8654
4986
8239
7353
1336
9409
6230
2676
475
6324
4847
4708
7412
8770
9514
4596
9315
7928
5693
6283
3774
3900
7598
5961
9431
6750
5657
4661
1460
6052
2926
3326
8263
9010
7564
1636
6730
836
4480
902
2527
7914
3370
3018
6999
2485
1794
7781
4541
173
6286
5884
8421
2455
6695
8415
4487
9024
5085
3004
9389
965
2968
1936
7218
8918
1812
3382
2042
3831
1055
9718
2235
328
4553
9731
478
6725
5481
6342
6533
5861
4857
1314
7091
2408
2716
1519
4826
864
1892
8087
1783
2362
2322
2961
8540
5098
9786
6733
9503
4404
8907
2067
4894
7427
5557
5271
6143
9558
9724
1981
2006
8084
8473
6903
3344
3838
6705
9570
7040
2196
2546
556
5829
9601
5438
9542
7678
3578
5170
2335
3790
2851
1151
7190
5562
3160
9886
1399
4052
3111
9023
2932
7568
2296
1888
5811
9431
6458
9279
2737
3476
4011
9626
938
9264
8660
8109
2291
5754
7323
5623
4640
5075
6309
5724
6114
2291
2833
1514
7548
9860
6740
7724
4081
7933
114
1084
710
1055
849
2629
896
1755
4208
7472
7241
6346
5201
9959
2857
9961
9283
2191
6749
4372
5241
8030
6597
8274
7828
9323
2436
9292
4378
9611
382
3557
8046
8779
1878
2662
6703
2513
4400
1681
7856
6035
4381
2962
3116
3230
6722
931
2744
4351
8878
1369
3591
171
2059
9021
7896
3949
6800
9993
8153
9921
4265
2715
9406
2618
1708
4907
3590
1606
3142
946
5852
7339
1380
6275
4952
4897
8015
4023
1746
7577
4568
2275
9703
8904
5701
5730
3485
5343
4408
3256
38
2481
3553
3630
2048
6459
8316
183
5077
8072
716
2633
3350
6947
8692
7159
1786
4647
4110
380
4683
450
1729
8637
1120
4312
2884
9694
8863
6655
3909
333
3877
4261
6938
5953
5789
1990
165
9689
2042
8715
9949
2055
1551
809
3741
6133
4140
9470
8262
6113
1293
3414
1892
9934
6681
4159
6287
6803
3675
2658
3851
1288
6968
2165
8379
3549
3792
8270
8075
8830
5023
6867
9045
1248
1126
150
1256
5863
2520
6504
9590
7744
1598
8667
8346
633
9547
3678
5438
5962
6686
5018
5766
508
8623
7845
1159
7284
1564
6501
6221
3908
6916
8847
5353
9786
1375
1662
718
8674
2425
466
2059
2914
6633
767
2086
7098
6528
4835
2310
9394
3306
1156
5516
9910
8006
5508
3612
9112
6730
7979
1499
6929
2906
4220
277
9948
1152
4248
5391
5089
2298
8271
4151
5403
3988
9420
8871
8220
7443
7951
1150
233
649
9662
7915
9537
4703
6734
3781
830
1808
3076
6784
317
6104
2296
8637
9458
6462
6517
7365
7996
5114
688
7890
8014
9274
2951
9670
2165
2656
8309
5597
6856
3596
8586
3975
207
5249
2769
5390
2366
9625
1867
4296
1300
545
8427
9980
2234
5478
2066
5866
848
2564
1419
5067
531
8624
8950
4108
6572
3268
1606
2202
3348
2836
551
2157
5138
8886
9557
9051
317
9909
816
9643
9134
8461
8422
6871
9274
4190
5352
3417
3671
887
4312
154
4471
5929
2275
2377
2426
9479
5832
1097
207
3648
4501
4294
6192
7129
2011
92
8378
1042
3143
9235
4391
2691
6515
9973
8328
779
6705
8423
8537
5821
6500
1055
2313
9848
18
9121
7233
8807
4825
2761
9631
4043
9948
4699
9671
5284
5285
1075
6559
5941
779
6196
108
9191
2675
5688
1356
8444
9516
9884
8254
2910
3236
3080
1479
2970
5750
7734
1126
7445
2895
6954
6111
3910
1075
7769
8564
71
5168
2771
3421
3255
7164
9083
4984
6316
1342
5749
7148
9311
3411
9342
4385
3954
6161
5181
3464
7292
7186
8251
9002
2958
3900
3571
4515
4704
846
3139
3403
7075
5746
3176
8091
2527
9946
2713
7491
2636
8180
4181
810
8636
9317
7202
1799
1832
9755
3714
7454
8716
4444
9382
9151
1745
407
6418
9319
587
8817
7392
7553
2540
8676
5132
1127
7498
9796
2842
2192
7180
1530
6492
648
4135
876
2301
4162
8183
290
6418
2578
6417
8615
8639
5881
3387
5988
5501
4142
6717
2037
8989
909
2525
3347
3757
559
2327
6645
2881
6381
2429
6357
3056
9399
9776
7108
7849
8555
2986
9477
9090
2212
7912
458
7029
4305
3349
1870
3401
51
8901
4726
2936
6248
3388
3626
3868
7096
7945
3003
8977
1528
2771
5346
2630
3206
8188
3917
6643
889
5772
2901
2909
2760
8332
7846
6137
329
5450
7019
4323
4931
1854
7165
4918
7837
9805
3176
8319
887
448
1785
7178
6018
7969
2001
795
978
7860
9854
2729
3702
8582
8967
46
2428
3545
4458
9804
7398
8237
3739
4020
8268
9424
257
5658
3168
2546
8139
1132
265
4287
5756
950
7697
6876
3111
9734
8813
8489
5673
3652
7460
5957
9371
3233
4907
5037
2774
1270
4436
5214
1946
3836
6597
405
8546
5018
9612
3131
3657
791
1678
5305
216
1733
7456
3612
9636
5651
9639
7431
5264
8502
5557
4021
2568
2285
3379
5946
7564
5485
7757
5292
729
5243
8741
1365
4466
6849
3264
8933
9794
5865
9391
3753
3887
3951
227
2386
5608
6001
9134
7563
4810
4961
789
9015
7983
5045
6991
3526
1003
4371
1252
303
7643
765
8189
4226
2316
2245
1841
134
8867
6159
7062
2087
6405
3185
2847
6035
1788
1785
548
2082
3103
5270
7367
7561
6907
819
3484
58
1016
3729
5029
7339
5488
9068
7873
9187
5624
6251
5432
7654
1756
1425
1322
9599
5352
39
6450
8745
7953
6287
4422
1387
666
5852
8202
1404
5131
7502
9918
5208
551
1892
4705
5921
7248
6479
9918
9073
7849
9726
1930
6577
2236
8414
8836
628
4696
9453
9569
3542
9143
4916
5840
6248
498
7864
1465
4369
7909
6139
1534
3119
8920
8729
9484
1781
2717
5774
5430
873
7880
2523
4622
4073
2415
5952
1327
3783
5730
2393
7833
2809
7652
406
1805
6959
2948
6279
9711
9100
5673
7323
6992
4615
5730
5421
2871
7232
4128
1874
5149
2596
7821
1132
4924
3044
1211
7588
6612
3545
5431
38
9846
7883
1039
5946
4981
3380
2560
4020
27
997
9456
4437
5826
1323
8568
5790
3837
5515
9791
1015
5601
4514
7852
5457
9646
9985
803
1854
5400
6061
6983
8341
8387
7863
3476
8251
2151
272
5140
5737
9495
491
9894
697
1237
9084
9937
5804
8451
1913
5672
8043
3124
9859
1518
5792
5103
6361
1016
6061
2590
1526
460
2388
795
9332
6342
4902
4133
390
8474
2562
4240
9791
554
4203
9893
8889
5024
1127
6295
6827
9635
4005
8326
2681
7219
4247
6432
7089
2517
3524
3351
9413
1638
1934
7653
456
1118
6572
6114
5582
4779
4882
4168
7506
7003
2466
1759
1337
7775
8165
5129
8109
1277
9870
442
5308
7730
1673
1454
7334
3174
7301
6427
8811
933
4194
8795
3625
8639
4013
6515
4613
9596
6571
9943
932
1027
4410
1826
8119
1904
7296
3833
997
9272
1476
377
6494
6168
8977
159
1666
4809
5201
7349
2437
6252
505
6764
1959
5516
8492
4379
5044
2707
306
7647
7532
3782
1444
372
3545
8863
8902
7385
7344
5256
9952
9209
5355
867
2408
1798
6027
9378
8975
306
2525
9069
3566
7333
8119
742
9313
2589
6377
7112
3650
1235
1417
557
2761
8692
9764
5336
8696
739
8998
4267
7756
6450
6629
6389
7277
8837
2234
3089
2253
1377
1187
8501
2596
1962
3270
570
6895
7898
11
1571
5274
7994
8387
2151
4596
2095
8294
1284
4699
1800
8926
3141
2364
4360
4741
6978
2739
7624
9064
8707
7682
8811
3145
7687
1685
6353
4117
8465
3958
4371
8275
4030
5472
3569
3437
5616
8339
5339
8799
424
1616
6628
9227
8511
4593
9202
4353
9631
168
3543
6617
4945
9289
8686
3722
3116
6349
5179
393
9194
1532
6944
1715
7851
6467
8533
6768
7027
2376
3888
8666
2874
7901
1742
6458
1472
5623
2019
7417
4161
8427
976
2964
8453
5881
1293
333
5571
4760
9621
3527
4887
3602
9069
616
7808
8217
3711
3994
8348
6167
8518
4959
3269
5550
3702
936
6488
5344
7875
9886
1901
6884
8989
5285
9887
1825
2710
5819
287
3596
3776
4074
9509
3742
216
8650
828
9265
7095
3481
8886
7320
899
8929
2069
7204
1992
1363
7357
6235
8967
2080
6344
2598
4131
4313
8826
5881
1096
8681
3618
7547
9321
8744
9989
2648
6480
4867
8972
3528
2396
7250
183
1898
5713
6530
2673
6797
9879
8639
2227
2606
6928
4447
2258
6471
7617
8157
5880
2557
5002
3060
1087
290
8064
3991
3794
4185
2273
4214
2849
7643
9401
8502
8724
205
920
2799
6028
2032
474
1729
2308
3765
9612
658
7574
3244
7079
4226
8049
1620
6144
8965
2967
1833
8209
7534
3104
1282
286
1497
5847
52
4209
8688
3203
9247
7619
8534
715
3388
4979
90
9531
7017
1781
8109
9800
975
9531
7100
6782
168
2375
9074
382
1653
8025
8362
8822
8838
3301
1988
1746
4074
1490
9977
5197
5172
2089
8559
5113
1650
9255
9611
7121
2306
2644
7158
6702
3833
7280
3451
6390
8844
7005
2909
234
6473
7512
7965
3398
2524
4640
5348
95
3892
7530
5404
7796
693
9022
2930
8853
5985
4842
8337
1914
4103
3643
882
4812
2950
6280
5180
4227
1164
7443
5057
6140
4368
2931
9605
685
2811
2510
2214
2338
2585
7786
2990
262
9657
985
6136
1432
8498
4671
1852
179
545
6613
1579
7098
1391
8909
4305
9194
7438
638
9616
4118
6904
8691
4712
7817
7526
2760
6147
2917
340
701
6343
9338
4374
6331
8662
6018
766
7158
963
7250
2113
2374
8480
3500
1017
4086
1555
5132
611
2693
6118
6610
3969
7035
7848
952
8274
2746
3791
216
2706
8941
244
8445
6513
5230
2099
3011
5648
4022
8079
8527
3499
3668
3575
1415
1675
8197
7307
6103
3887
7727
3262
4380
299
1972
4355
5517
9698
4375
6085
3405
3182
6195
2528
798
5575
6105
2895
3916
5428
9835
1081
4093
7385
1677
495
9922
7290
5018
8066
4602
7529
5797
9930
6105
430
7621
2848
9426
10000
4598
1937
1793
2386
5463
1038
7062
7088
9530
883
9025
9277
5631
5889
4399
1106
9523
8344
172
8634
389
4032
3438
4789
9394
1309
5880
4109
9649
7549
4479
7534
8767
653
2040
3745
1511
652
2720
6140
2455
2442
3715
6166
5341
4337
8229
1678
5894
3118
1839
3917
3001
3131
6875
2675
2030
1227
9145
9959
7885
7620
9989
8276
7897
25
7323
4944
2964
6847
8247
704
1136
3518
5073
163
8872
7793
3227
7355
4260
2749
3154
8314
7412
1003
279
8293
9381
5012
9016
5671
3875
4928
2359
8123
5123
699
2889
7619
8017
7370
959
8527
4968
2774
8205
1764
9937
451
6877
8168
3568
1483
1432
4825
6465
4468
8282
3455
9783
1297
2055
1418
6578
7033
7502
5840
753
2050
9076
7082
8575
5391
175
2484
2438
6663
6821
7721
5301
7590
5725
931
6358
392
4196
7905
9239
3390
3565
6919
1994
5673
5612
5495
684
637
305
1887
111
168
6159
1440
3254
2572
6396
2751
1035
6771
5913
4255
6996
3793
3370
985
3692
990
5797
9117
8307
8290
7488
7221
5671
6792
7536
4931
9215
7087
3078
8137
1453
4892
9910
3882
9566
8857
2499
2148
2893
1428
8842
3981
4999
1601
5352
5849
3998
3522
2375
5694
1907
434
6949
6010
5009
9769
6662
9985
3216
3939
7098
5220
1377
9695
8221
9977
8697
7507
1493
3796
7015
7354
565
7026
2863
1662
6120
8160
7450
1355
938
4867
7103
2
9324
5135
9773
3982
6544
4457
742
8901
8126
9163
8470
7383
8981
3506
7914
8602
6851
8278
1895
1650
5007
7644
7232
4172
1634
9015
524
7792
489
8747
1592
7298
10000
5699
1817
8953
1883
6177
4028
3066
4654
9193
6288
7004
5442
3434
7253
3321
4316
5508
3166
3863
9355
7721
8611
7441
8476
8371
884
6370
8636
810
9512
5161
6182
8351
9638
6699
7754
87
8054
4015
6066
9763
7049
7338
1188
1686
3322
8796
128
4009
3767
6290
6991
2496
3240
6640
4804
1618
6037
1627
8755
3189
7690
7605
5561
8307
6667
148
516
4907
2091
3893
1858
1220
2980
2152
8160
5593
4492
7310
4062
1350
6427
8162
7250
7190
1896
2753
2166
8018
3083
925
7559
7041
5045
7690
5478
4297
9566
4290
3220
2991
7327
2778
578
6570
7696
6862
1669
2237
6634
4614
6914
5876
6609
2815
9797
7584
9596
956
4058
8652
6798
3203
29
4538
6084
9387
2094
3751
2033
2696
6077
1056
2404
4825
619
5547
3982
8802
9322
5144
7073
496
1002
5090
5663
7097
2312
1829
2540
9077
7384
7864
12
7399
2801
99
2607
270
1631
4212
9319
7117
3913
1456
1582
8357
8688
8818
1458
964
4549
8854
2134
5913
8066
1925
2187
2895
1068
567
1724
6052
2095
540
7086
6289
7132
2858
2042
1725
5635
9195
9490
5268
8195
7412
9814
4548
5454
6404
2870
8118
2253
1011
5287
3978
5779
1835
1229
2466
6364
3170
968
160
7563
3087
6996
2646
6012
2549
6097
6150
4824
8762
5786
563
7356
6284
8921
3995
1665
4283
5929
110
7841
2610
6050
7564
3479
9752
3426
7880
6762
4749
4936
7707
680
2897
998
4871
658
572
7532
4740
7719
7091
4613
9756
5813
1486
6587
3903
5912
1509
5374
5711
2685
4456
2095
6582
790
9394
497
5831
6378
7428
2662
436
5883
3085
9042
5218
7805
1908
1292
5576
9456
6699
3538
8042
359
3720
6242
745
3996
170
9290
8248
6565
5257
6960
5987
2890
5006
1135
1962
4806
6236
391
6625
534
6524
9275
8829
1056
6534
3317
1597
3177
7229
4447
9747
1537
7178
296
2033
1744
2918
1183
101
8044
9259
5876
5645
9248
2613
1133
4149
356
8896
8137
10
9800
5650
6766
9212
8346
381
1518
464
9838
5922
8766
7653
1960
5709
3800
9065
632
7987
6985
945
667
6494
33
7692
6221
4086
6991
8255
6454
9188
4857
6015
9676
8406
2422
696
6401
9557
4899
5850
1431
8313
9017
15
7644
3268
9779
9958
3196
5012
1156
2751
7187
7826
5399
4508
6418
675
4713
5186
9030
2311
4395
5621
3168
8102
5944
7652
4344
4352
2077
9754
5285
5383
8054
8408
68
162
264
6759
1556
4957
2298
1981
7452
3788
1853
9823
8057
9847
887
6024
3337
122
6819
2340
6457
8412
8649
9394
2997
7168
1522
3405
5502
9239
9652
9816
913
6045
7705
643
4378
4004
3393
7736
5823
8321
1722
9403
9543
3761
6219
2443
1975
805
9479
7492
6329
343
2977
9134
3052
8497
6526
4302
9677
5251
6799
4721
4696
302
3266
132
7971
9596
569
6400
4559
3339
1451
4323
4233
7205
4284
8194
6538
1460
8861
1180
8840
9985
5900
1289
8300
8913
650
7473
4340
813
6414
855
6442
8258
2673
3783
6761
8382
8169
2116
1033
5405
5220
1692
3170
6698
5878
254
1567
1006
5596
7190
9572
8024
1582
5737
1478
7880
5001
4284
5259
9785
7658
6516
2863
3325
9220
994
78
5284
7372
7293
8651
8895
3401
1328
2373
6991
8257
2562
1511
7678
26
9478
4544
1025
8860
2934
9583
9148
8950
8910
9267
7337
9394
2999
9987
7463
1354
7090
1570
6546
7842
7225
3413
2206
9583
6811
4973
6144
120
3270
1900
9175
1821
6556
7495
8689
2799
2186
4656
7554
2345
5129
822
2113
6821
780
1920
8893
4162
5023
6740
6499
3182
1815
6481
1734
1869
9511
5213
1258
283
4340
1138
7651
2380
9116
2028
1673
397
5495
918
4325
8646
5363
5738
3458
8446
9434
5379
4694
6547
8294
3295
6549
2740
8238
5672
8625
2048
500
5913
1945
3976
6563
8204
5813
6253
5411
9754
8513
7864
2057
3647
8795
9676
9205
6981
3677
6145
4072
421
6123
718
6197
2336
1623
1734
78
6081
5089
8382
8904
3140
8447
152
4435
1013
3592
5386
7380
5419
1797
6695
2528
112
910
8887
8414
6579
5806
816
9090
164
973
986
9221
1977
8159
3092
5526
7300
4783
7230
2079
8172
8967
9309
5293
6192
9616
2190
4343
9082
4471
9659
1903
7067
9589
9361
4355
7451
2677
2690
2940
8775
4108
1516
9178
9095
3000
3421
684
593
6865
8962
5106
3950
5270
7099
5997
8305
4601
4847
3294
2479
750
6296
6123
413
8371
4430
1300
9969
2158
4024
9071
9318
5898
8276
6452
8344
3724
2491
1591
3722
6325
1721
4463
3498
2092
9057
3325
1711
492
2499
565
8521
7475
6830
1016
3448
2989
5817
8703
8510
5113
5345
4752
8259
5607
9913
3368
6050
9459
2708
3596
8745
8640
448
5101
5185
9911
1295
8575
1136
1649
4383
5736
5754
5833
5200
9080
3968
5980
8478
7964
1230
8185
6522
8528
876
8972
8838
7212
2191
6538
8153
7917
4322
382
8360
4677
1880
167
522
9314
2596
8701
8273
9162
5449
7710
6207
9342
8283
2128
9386
6137
3648
9947
3454
9165
2976
2048
2150
3496
1127
7600
9060
4480
4387
6131
4265
5639
6635
1645
7801
3491
2462
514
1963
4069
7522
3784
1260
8974
4439
4493
9189
7091
1688
6654
4544
6850
6594
4253
4131
3008
5905
7812
952
4153
4974
9636
8762
7782
5466
1563
3310
9328
9466
2677
3378
559
6356
1827
5490
7897
7765
5523
4523
1777
2209
2823
7973
1012
7553
9667
1187
6765
4451
5891
9848
8768
4411
1364
1619
1075
5649
2310
529
994
260
5649
9107
5141
8188
6646
7728
991
8454
5557
3756
4815
7968
9911
5615
529
4228
2778
8787
6726
5215
8707
3437
3463
1588
2623
3155
2788
2729
2613
7632
868
4430
6743
8360
9864
6372
7851
771
1177
2773
6324
3524
9130
2079
587
8335
2064
1837
6819
4416
9711
8841
6257
8784
6449
1604
6975
5029
9380
4199
2076
8149
5990
6653
6743
8294
7176
4623
9675
3415
6223
4569
8825
3289
3318
7056
4497
8246
6293
2630
5242
4122
4135
53
3026
3956
4586
608
6424
4350
2537
2653
2831
8953
9203
8268
2171
4680
9024
9126
7144
3928
8909
5776
2202
5427
1984
9670
4273
7065
9400
1357
5086
6808
1404
5511
4321
8236
1603
1769
6896
1605
2083
594
9844
2419
8965
3043
1488
1965
4122
199
4215
5097
9873
3574
8745
9949
2416
1028
5123
788
3277
9742
2469
382
2857
6903
4744
6400
279
2370
8973
6215
7648
9389
8397
5989
6338
2256
7840
7476
9453
5480
4680
9765
6645
2830
1102
4175
4218
4787
6015
4462
5526
7658
9762
5860
1990
877
9397
6414
9014
5081
1387
9272
3238
4489
717
6067
735
3948
4015
1046
1720
6117
1531
3609
3778
6445
9582
3158
9866
4824
1313
960
6660
3847
3554
8916
414
2319
8724
1152
5686
2074
8463
6074
6713
3221
8416
20
3001
7162
5588
4452
4215
9768
3709
8239
2734
8937
3065
8129
3232
2717
1460
7910
7060
4512
5190
6832
3536
7685
2136
8188
2146
6873
9218
2190
1135
9420
5592
6580
6137
8792
2402
13
8745
5995
8448
2014
229
11
4324
9123
9854
8846
161
2947
6092
1645
2124
3215
7079
4700
4504
7882
8054
9379
3447
5325
1805
4940
5553
8599
7390
4529
612
9489
2938
2567
7874
5688
2696
5601
7634
1282
8106
7658
2081
3306
7638
168
3373
4272
5448
4431
9238
7895
4803
710
1266
6784
3220
9577
3178
415
6138
9476
6521
6175
7592
3812
182
432
3544
4858
9300
96
2768
353
773
4677
6501
2341
3185
9839
1259
6061
4045
8484
8469
6579
6781
4209
3498
9302
3779
4859
8898
4788
2749
4880
211
623
2029
387
7421
8613
7986
9247
788
5123
7257
9521
5692
4316
2927
792
50
8700
1676
5993
9488
8157
2131
9442
4417
1689
6151
1089
9245
9151
131
1522
3791
4060
6402
7037
7895
290
8177
5922
8813
9797
1242
3023
2800
3283
3904
1189
183
5875
1385
7004
4286
6426
3649
2857
4686
4789
6269
1196
2217
4762
1974
9625
7869
1958
3832
3649
3204
6479
4623
3222
3642
4389
48
7368
2208
9203
2710
4146
3698
2915
7119
330
3787
3740
5860
3570
3463
83
7629
5384
6253
9010
2540
3878
2261
1180
232
6042
9669
8764
5010
899
8954
960
8206
2183
6728
6438
1553
5438
2762
8709
7499
4863
2300
7677
843
3638
3918
6606
3781
2698
4261
1080
7633
6836
6173
9593
3745
8604
2438
7146
6823
1634
943
9719
9005
5143
5173
5170
2584
2525
4644
4409
5685
8936
2967
2309
9054
5320
9725
9982
9024
5853
6078
1141
7757
7090
5016
8013
208
7830
6646
8370
1897
4775
6131
6209
6709
69
4165
4380
759
960
2331
2727
8466
7418
4736
4064
4882
5548
3517
4121
4236
7814
2754
2572
605
3278
2913
1133
1968
6480
5365
8794
9313
6873
6740
8106
1636
1863
984
2237
3919
8736
9641
7694
8779
546
920
9143
1312
4879
8475
8862
3974
5528
2788
2817
5885
1216
186
3084
8391
1428
2905
8766
430
6667
7023
6985
9881
5129
8160
3756
9090
5627
7336
4592
116
1407
726
3660
7964
1602
9142
4947
9719
857
8164
5746
5549
4859
6425
5030
3580
3114
9973
2862
2762
7689
9070
4612
6326
4647
2909
8287
504
3570
5443
9023
7960
8661
2522
5085
9969
2362
5009
9282
3859
86
6411
4986
8293
8345
4212
6369
158
7459
3845
9133
3432
4831
5869
6201
1218
9936
660
7862
5522
4010
1087
9713
393
1210